8633437
1972597
7256250
7894749
3081629
3622589
5914528
7012499
4870461
8785233
3735266
7735727
4429127
4985811
3635150
9923391
1882191
3085580
5400623
6736290
5719131
2138923
9084841
8881751
5429103
4233831
9190099
6430449
6504161
1965818
1423965
3618759
5172754
3654033
6770499
2382682
8511619
5889086
9393641
6842493
3223689
7554417
3238049
7659132
4408867
8531367
2820200
6318857
4223514
2413843
2409776
7471849
8790406
9616566
3741672
2458637
6361446
6578040
9038431
7105420
9522822
5057435
4013114
3337768
3225125
4522024
1729042
7587780
9717166
1131397
7807413
8627332
5551128
5872147
7811505
2774287
9426889
2004554
7273615
2745908
5115248
1142363
3144052
4118774
3310121
6040328
8150966
1270013
8693645
3949607
5627689
9730295
7205341
1606553
6288931
6861954
6236367
2502528
8804926
2075956
9636831
3303346
4388730
9707621
1860883
7613129
3309281
4393921
8638034
7484241
8198945
9097481
3140473
4962679
3411584
6955812
2060849
1297585
3530430
6117950
1948289
6675949
5852988
1971063
6774462
3894388
1334702
5560298
6941968
5220567
7018273
7576130
1869963
5565789
7434041
1769773
6116420
2953806
3118442
8932807
8418136
7091993
5448876
8120777
9984071
8208232
8721376
7779483
8127256
3621456
9203474
5109905
8909873
1163136
8455193
8997220
2198630
3448888
4467486
6226820
3479239
9599611
2627204
2437755
8626992
7612646
1265777
7030533
5897217
5195090
7975971
3069353
3243684
1661054
6203904
3545506
8273166
5112899
1374602
4545496
8892948
8209812
6079636
2389916
3125030
4972293
4841681
3683158
2486986
7422313
4413140
1495167
8219223
7335336
6882020
6122715
3322516
4485583
9468581
6795459
4974619
6827076
9084338
8937241
7803872
6917177
4414616
5480122
9866163
2863396
8501117
4401517
3535093
7771946
2252308
6132307
5318746
9866836
5404928
1363067
9055036
4802860
1647628
6306811
8972831
8388366
1649170
3911213
5732394
4805752
5375344
9083054
2531857
4411811
8626701
3608543
5209107
2496360
5950305
8787412
8020022
9047159
1697181
8593908
6115403
5441228
8313526
4568294
4500807
2928987
7961768
1836321
5714694
7672006
8262185
5131991
3737032
7486574
2454705
6279556
9743245
7533792
5906313
4809157
2912457
2752166
7358852
1860593
4352524
3820906
8207847
4210142
4796961
1537193
2307950
7407956
3879450
5449538
6343960
6821622
2257254
3811947
9578040
4789894
3697956
5593475
3912261
5546586
1516341
2903849
4239649
1358738
5618376
5397533
9619803
4622368
1459235
5162636
6967796
5239371
1829806
1374240
3356494
4303541
4886173
9977929
5098628
3167188
3818148
6908193
4712221
7053218
8287539
5997268
6982588
6326569
8528674
8103405
1120903
4899584
2022526
6624309
4851182
2619977
1415123
3891884
8478602
7840541
1282397
4881008
4599553
7424712
8453720
2755116
6786899
5679700
6013836
4947641
2871899
9719972
6072310
1090411
3561190
1481283
1136118
5274281
1687423
6777683
9796225
8644970
5247504
3475554
2721460
6513971
5023878
8748107
1150116
9166521
2252447
7068306
9518269
1524432
2765896
6989115
9927575
