192
1793
1038
3210
3522
2344
1871
4006
992
672
3197
146
792
925
4179
1900
1325
2813
4428
202
2926
1823
3632
4234
2678
1929
1556
2505
590
4846
3147
1145
2834
545
2680
3051
4090
187
4150
237
1810
3122
3745
1857
414
952
1484
3626
307
2531
3475
657
3622
3360
2747
1132
270
4286
4850
3687
3038
150
4536
3612
4147
374
693
1681
2937
4705
3232
3886
1620
916
2709
2681
4619
2111
4164
204
2201
2414
4352
351
3956
487
4622
3403
1359
1242
3095
4138
609
242
1135
2296
4411
1846
3263
263
2447
4053
2155
3367
1128
235
1237
4066
3469
4166
4631
245
4927
4642
2960
2286
3489
3003
2247
3846
145
4125
401
3521
1101
4086
1534
3103
4299
437
3923
2479
3189
4965
2954
2334
2465
3146
1308
4946
3452
3305
2971
453
1139
3605
1634
639
1941
2711
4219
2396
1739
4844
1018
20
1389
1297
823
3731
3089
2394
3089
485
91
906
1424
1496
3566
1200
925
3126
2553
3222
3342
3454
3283
4201
3864
3363
26
714
2656
4928
3268
4855
510
2103
4495
1143
618
1872
4500
2000
2932
4483
3662
3135
3974
4748
4704
266
495
4017
4934
794
1729
2454
1280
2940
3333
4777
4800
3946
4166
2121
4316
344
2653
2367
3404
4094
3417
3937
2750
876
3320
546
2807
288
3138
982
2298
235
1177
1744
2717
1189
3505
768
3822
1623
3937
2993
2703
3010
4412
2130
1111
807
1385
3671
2868
4381
1217
654
2680
4264
4358
1446
3035
3082
2974
4624
2514
4315
2094
4618
4531
2811
3425
4517
3682
3563
1949
2769
2097
1792
2844
4175
161
2213
1538
3874
2466
4747
1518
775
777
4810
135
2652
219
140
3877
2577
2852
2079
2463
2879
2205
724
5000
2211
4877
4083
3215
279
3659
70
1320
4357
81
1387
848
163
1685
11
1890
3456
4896
1122
3458
2149
3891
3093
677
3813
1637
1352
2806
2640
1139
1821
927
167
3578
1070
3930
1969
1347
3055
4432
4448
2295
4228
948
1103
4275
3333
4791
4956
345
3091
3555
2423
4786
3032
3776
3116
3425
3404
3245
2037
4639
